'2018':
  njet_0:
    100:
      p0: 0.8949468208280641
      p0_err: 0.546136564038644
      p1: 0.019186309057603376
      p1_err: 0.054561442256393256
      p2: -0.0010244161916566246
      p2_err: 0.0017734015386160816
      p3: 3.496686471576858e-05
      p3_err: 2.4739055661848677e-05
      p4: -4.598062324521475e-07
      p4_err: 2.941712458338273e-07
      p5: 1.9865847644775775e-09
      p5_err: 1.898036986234229e-09
      horizontal_c0: 1.2242478805438777
      polynomial_range:
        x_min: 0
        x_max: 95
  njet_1:
    100:
      p0: 0.9497050141213683
      p0_err: 0.547651602977097
      p1: 0.01625334445075267
      p1_err: 0.053152784862252604
      p2: -0.0011819800617102107
      p2_err: 0.0017377993801599046
      p3: 3.163907283968583e-05
      p3_err: 2.5057724493384703e-05
      p4: -3.5309881376127715e-07
      p4_err: 3.202332714544567e-07
      p5: 1.4126124877797927e-09
      p5_err: 2.229007386504883e-09
      horizontal_c0: 1.0758271900744756
      polynomial_range:
        x_min: 0
        x_max: 90
  njet_2:
    100:
      p0: 0.8150706515864471
      p0_err: 0.5023410131372789
      p1: 0.008930752146580467
      p1_err: 0.046134277226328464
      p2: -0.00029397115740277064
      p2_err: 0.0014775225287232214
      p3: 4.208173659508568e-06
      p3_err: 2.330703667619648e-05
      p4: -2.0520126731743718e-08
      p4_err: 1.4489438182928542e-07
      p5: 0.0
      p5_err: 0.0
      horizontal_c0: 0.981225955663709
      polynomial_range:
        x_min: 0
        x_max: 90
