'2018':
  njet_0:
    100:
      p0: 0.8736067675037921
      p0_err: 0.5385671276336838
      p1: 0.018850363244723348
      p1_err: 0.05360928874777622
      p2: -0.0010265126191505846
      p2_err: 0.0017384200505755096
      p3: 3.5019626374232814e-05
      p3_err: 2.421238557852768e-05
      p4: -4.6110191519119405e-07
      p4_err: 2.879993951698159e-07
      p5: 1.9991576686523566e-09
      p5_err: 1.8606868231872843e-09
      horizontal_c0: 1.1864244260141747
      polynomial_range:
        x_min: 0
        x_max: 95
  njet_1:
    100:
      p0: 0.9275943145296407
      p0_err: 0.5400011068042501
      p1: 0.0157063080748589
      p1_err: 0.05220319244094888
      p2: -0.0011523535635256548
      p2_err: 0.0017019701702350968
      p3: 3.093078126004836e-05
      p3_err: 2.449809689094505e-05
      p4: -3.459497512575909e-07
      p4_err: 3.130365771707704e-07
      p5: 1.3863735047555564e-09
      p5_err: 2.181869986979341e-09
      horizontal_c0: 1.0416549757114018
      polynomial_range:
        x_min: 0
        x_max: 90
  njet_2:
    100:
      p0: 0.7966570815778067
      p0_err: 0.4956769552884335
      p1: 0.00853928193943304
      p1_err: 0.045358211329060455
      p2: -0.0002839578054035034
      p2_err: 0.0014465066572592908
      p3: 4.079247835800196e-06
      p3_err: 2.278745024505371e-05
      p4: -1.997253250427948e-08
      p4_err: 1.418709288844e-07
      p5: 0.0
      p5_err: 0.0
      horizontal_c0: 0.9503806084947886
      polynomial_range:
        x_min: 0
        x_max: 90
