'2018':
  njet_0:
    100:
      p0: 0.8949468208280641
      p0_err: 0.546136564038644
      p1: 0.019186309057603376
      p1_err: 0.054561442256393256
      p2: -0.0010244161916566246
      p2_err: 0.0017734015386160816
      p3: 3.496686471576858e-05
      p3_err: 2.4739055661848677e-05
      p4: -4.598062324521475e-07
      p4_err: 2.941712458338273e-07
      p5: 1.9865847644775775e-09
      p5_err: 1.898036986234229e-09
      horizontal_c0: 1.2242478805438777
      polynomial_range:
        x_min: 0
        x_max: 95
  njet_1:
    100:
      p0: 0.9497050141213683
      p0_err: 0.547651602977097
      p1: 0.01625334445075267
      p1_err: 0.053152784862252604
      p2: -0.0011819800617102107
      p2_err: 0.0017377993801599046
      p3: 3.163907283968583e-05
      p3_err: 2.5057724493384703e-05
      p4: -3.5309881376127715e-07
      p4_err: 3.202332714544567e-07
      p5: 1.4126124877797927e-09
      p5_err: 2.229007386504883e-09
      horizontal_c0: 1.0758271900744756
      polynomial_range:
        x_min: 0
        x_max: 90
  njet_2:
    100:
      p0: 0.8150706515864471
      p0_err: 0.5023410131372789
      p1: 0.008930752146580467
      p1_err: 0.046134277226328464
      p2: -0.00029397115740277064
      p2_err: 0.0014775225287232214
      p3: 4.208173659508568e-06
      p3_err: 2.330703667619648e-05
      p4: -2.0520126731743718e-08
      p4_err: 1.4489438182928542e-07
      p5: 0.0
      p5_err: 0.0
      horizontal_c0: 0.981225955663709
      polynomial_range:
        x_min: 0
        x_max: 90
'2017':
  njet_0:
    100:
      p0: 0.9549447140092926
      p0_err: 0.6310171714105882
      p1: 0.006900034833995284
      p1_err: 0.08092489043158001
      p2: 3.8858686619417145e-05
      p2_err: 0.003346070561239367
      p3: 1.5799686581198245e-07
      p3_err: 6.076663426829488e-05
      p4: -1.5314090953060964e-10
      p4_err: 9.143606608906266e-07
      p5: 4.725800755159901e-12
      p5_err: 9.080434914304873e-09
      p6: 5.753522570136537e-13
      p6_err: 5.4423924486834934e-11
      p7: 5.976064442192439e-14
      p7_err: 1.0641424151771387e-13
      p8: -9.661394711259862e-16
      p8_err: 2.4193105505672677e-16
      horizontal_c0: 1.8002546931612715
      polynomial_range:
        x_min: 0
        x_max: 75
  njet_1:
    100:
      p0: 0.9311938167051038
      p0_err: 0.5207188602908319
      p1: 0.014384905059185852
      p1_err: 0.0464598506728891
      p2: -0.0008994234517825497
      p2_err: 0.0013874621418593228
      p3: 2.2395941692112243e-05
      p3_err: 1.8229303394499527e-05
      p4: -2.33264694061868e-07
      p4_err: 2.065837180308889e-07
      p5: 8.681154977062386e-10
      p5_err: 1.2799847495825478e-09
      horizontal_c0: 1.1072719474373127
      polynomial_range:
        x_min: 0
        x_max: 100
  njet_2:
    100:
      p0: 0.745981457529384
      p0_err: 0.565391790488201
      p1: 0.018463061844514184
      p1_err: 0.06980703884556337
      p2: -0.0007570531574521688
      p2_err: 0.0029674743977887172
      p3: 1.3361753621123757e-05
      p3_err: 6.343652375701152e-05
      p4: -8.266195200353037e-08
      p4_err: 5.462599260868557e-07
      p5: 0.0
      p5_err: 0.0
      horizontal_c0: 0.9820602386787092
      polynomial_range:
        x_min: 0
        x_max: 65