'2018':
  njet_2:
    100:
      f0_p0: 0.5885484113733955
      f0_p1: 0.06221612888333331
      f0_p2: -0.0022510144495437663
      f0_p3: 0.0
      f0_p4: 0.0
      f0_p5: 0.0
      f0_p0_err: 0.42095205705446914
      f0_p1_err: 0.12251493264176581
      f0_p2_err: 0.00723774729964539
      f0_p3_err: 0.0
      f0_p4_err: 0.0
      f0_p5_err: 0.0
      f1_p0: 1.123901166646949
      f1_p1: -0.011729396271785354
      f1_p2: 0.0002289497170226841
      f1_p3: -1.237826456381844e-06
      f1_p4: 0.0
      f1_p5: 0.0
      f1_p0_err: 1.054360510335889
      f1_p1_err: 0.066480149497755
      f1_p2_err: 0.0012762706995737855
      f1_p3_err: 7.601119307378934e-06
      f1_p4_err: 0.0
      f1_p5_err: 0.0
      horizontal_c0: 1.0152189482172513
      polynomial_range:
        xmin1: 17
        xmax1: 100
  njet_1:
    100:
      f0_p0: 0.6389906409395784
      f0_p1: 0.05210980912874722
      f0_p2: -0.0007120493655546334
      f0_p3: 0.0
      f0_p4: 0.0
      f0_p5: 0.0
      f0_p0_err: 0.5099928888260563
      f0_p1_err: 0.21067806925327
      f0_p2_err: 0.017781430446493236
      f0_p3_err: 0.0
      f0_p4_err: 0.0
      f0_p5_err: 0.0
      f1_p0: 1.4720288177249348
      f1_p1: -0.0362048107672743
      f1_p2: 0.0007304258316706286
      f1_p3: -4.4137004627143986e-06
      f1_p4: 0.0
      f1_p5: 0.0
      f1_p0_err: 0.940232939704045
      f1_p1_err: 0.07628130626667161
      f1_p2_err: 0.0018611188586400997
      f1_p3_err: 1.3934307273039889e-05
      f1_p4_err: 0.0
      f1_p5_err: 0.0
      horizontal_c0: 0.9783543137708731
      polynomial_range:
        xmin1: 12
        xmax1: 80
  njet_0:
    100:
      f0_p0: 0.7397919459450077
      f0_p1: 0.03375313164078138
      f0_p2: 0.0011516363078290012
      f0_p3: 0.0
      f0_p4: 0.0
      f0_p5: 0.0
      f0_p0_err: 0.26440640571778573
      f0_p1_err: 0.12875075167285796
      f0_p2_err: 0.012917393396647051
      f0_p3_err: 0.0
      f0_p4_err: 0.0
      f0_p5_err: 0.0
      f1_p0: 1.3241526330996982
      f1_p1: -0.018439920771383775
      f1_p2: 0.0004260805864686387
      f1_p3: -1.3216205883059685e-06
      f1_p4: 0.0
      f1_p5: 0.0
      f1_p0_err: 0.4922444919722029
      f1_p1_err: 0.04428605056347436
      f1_p2_err: 0.0011560353815757323
      f1_p3_err: 8.861620954536437e-06
      f1_p4_err: 0.0
      f1_p5_err: 0.0
      horizontal_c0: 2.498471147943644
      polynomial_range:
        xmin1: 10
        xmax1: 110
